# unsettled black stones surrounded by live white stones

[
[0,0,0,2,0,0,0],
[0,0,0,0,2,0,0],
[0,0,0,0,2,0,0],
[0,0,0,2,2,2,2],
[0,0,0,2,1,1,1],
[2,2,2,2,1,0,1],
[0,0,0,0,0,0,0]
]

# closed border with an unsettled group

[
[0,0,2,1,0,0,0],
[0,2,2,1,0,0,0],
[0,2,1,1,0,0,0],
[0,2,1,1,1,1,0],
[2,2,1,1,1,2,0],
[1,1,1,1,2,0,2],
[0,1,0,1,2,0,0]
]

# unclosed border with an unsettled group

[
[0,0,2,2,0,0,0],
[0,2,2,1,0,0,0],
[0,2,1,1,0,0,0],
[0,2,1,1,1,1,0],
[2,2,1,1,1,2,0],
[1,1,1,1,2,0,2],
[0,1,0,1,2,0,0]
]

# border that is only unclosed due to a dead stone

[
[0,2,2,2,1,0,0],
[2,0,2,1,0,0,0],
[2,2,2,1,0,0,0],
[2,2,2,1,1,1,0],
[2,2,2,1,1,2,0],
[1,1,2,1,2,0,2],
[0,1,0,1,2,0,0]
]

# border unclosed due to a dead stone and a real opening

[
[0,2,2,2,1,0,0],
[2,0,2,1,0,0,0],
[2,2,1,1,0,0,0],
[2,2,1,0,1,1,0],
[2,2,2,1,1,2,0],
[1,1,2,1,2,0,2],
[0,1,0,1,2,2,0]
]

# border unclosed due to an unsettled stone and a real opening
# more white stones around the bottom border

[
[0,2,2,2,1,0,0],
[2,0,2,1,0,0,0],
[2,1,1,1,0,0,0],
[2,1,0,1,0,1,0],
[2,1,1,1,1,2,0],
[2,2,2,2,2,2,0],
[0,0,0,0,0,0,0]
]
